213
 0.5 0.1 1.5308084989341915e-19 0.0025 0.05 0.1 64 64 255
 0.5533865619795844 0.40338656197958433 0.0 0.0 0.037500000000000006 0.05 64 64 196
 0.44661343802041564 0.40338656197958433 -0.0 0.0 0.037500000000000006 0.05 64 64 196
 0.6983999096279029 0.49177490962790277 0.0 0.0 0.028125000000000004 0.025 82 64 178
 0.6417749096279028 0.5483999096279027 0.0 0.0 0.028125000000000004 0.025 82 64 178
 0.3582250903720972 0.5483999096279027 0.0 0.0 0.028125000000000004 0.025 82 64 178
 0.30160009037209723 0.49177490962790277 -0.0 0.0 0.028125000000000004 0.025 82 64 178
 0.7909298507414191 0.46174496851438657 0.0 -0.0 0.02109375 0.0125 100 64 160
 0.7909298507414191 0.5218048507414189 0.0 0.0 0.02109375 0.0125 100 64 160
 0.671804850741419 0.640929850741419 0.0 0.0 0.02109375 0.0125 100 64 160
 0.6117449685143866 0.640929850741419 -0.0 0.0 0.02109375 0.0125 100 64 160
 0.3882550314856134 0.640929850741419 0.0 0.0 0.02109375 0.0125 100 64 160
 0.328195149258581 0.640929850741419 -0.0 0.0 0.02109375 0.0125 100 64 160
 0.20907014925858103 0.521804850741419 -0.0 0.0 0.02109375 0.0125 100 64 160
 0.20907014925858103 0.46174496851438657 -0.0 -0.0 0.02109375 0.0125 100 64 160
 0.8130269376534986 0.40779631910230696 0.0 -0.0 0.015820312500000003 0.00625 118 64 142
 0.8448785001534986 0.43964788160230694 0.0 0.0 0.015820312500000003 0.00625 118 64 142
 0.8448785001534986 0.5439019376534985 0.0 0.0 0.015820312500000003 0.00625 118 64 142
 0.8130269376534986 0.5757535001534985 0.0 0.0 0.015820312500000003 0.00625 118 64 142
 0.7257535001534986 0.6630269376534985 0.0 0.0 0.015820312500000003 0.00625 118 64 142
 0.6939019376534986 0.6948785001534985 0.0 0.0 0.015820312500000003 0.00625 118 64 142
 0.5896478816023071 0.6948785001534985 0.0 0.0 0.015820312500000003 0.00625 118 64 142
 0.5577963191023071 0.6630269376534985 -0.0 0.0 0.015820312500000003 0.00625 118 64 142
 0.442203680897693 0.6630269376534985 0.0 0.0 0.015820312500000003 0.00625 118 64 142
 0.41035211839769303 0.6948785001534985 0.0 0.0 0.015820312500000003 0.00625 118 64 142
 0.3060980623465014 0.6948785001534985 0.0 0.0 0.015820312500000003 0.00625 118 64 142
 0.2742464998465014 0.6630269376534985 -0.0 0.0 0.015820312500000003 0.00625 118 64 142
 0.1869730623465014 0.5757535001534986 0.0 0.0 0.015820312500000003 0.00625 118 64 142
 0.15512149984650142 0.5439019376534986 -0.0 0.0 0.015820312500000003 0.00625 118 64 142
 0.15512149984650142 0.43964788160230694 -0.0 0.0 0.015820312500000003 0.00625 118 64 142
 0.1869730623465014 0.40779631910230696 -0.0 -0.0 0.015820312500000003 0.00625 118 64 142
 0.7961350957771458 0.3752794772259541 -0.0 -0.0 0.011865234375000002 0.003125 136 64 124
 0.8299187795298515 0.3752794772259541 0.0 -0.0 0.011865234375000002 0.003125 136 64 124
 0.8773953420298515 0.4227560397259541 0.0 -0.0 0.011865234375000002 0.003125 136 64 124
 0.8773953420298515 0.4565397234786598 0.0 0.0 0.011865234375000002 0.003125 136 64 124
 0.8773953420298515 0.5270100957771456 0.0 -0.0 0.011865234375000002 0.003125 136 64 124
 0.8773953420298515 0.5607937795298513 0.0 0.0 0.011865234375000002 0.003125 136 64 124
 0.8299187795298515 0.6082703420298513 0.0 0.0 0.011865234375000002 0.003125 136 64 124
 0.7961350957771458 0.6082703420298513 -0.0 0.0 0.011865234375000002 0.003125 136 64 124
 0.7582703420298514 0.6461350957771457 0.0 -0.0 0.011865234375000002 0.003125 136 64 124
 0.7582703420298514 0.6799187795298514 0.0 0.0 0.011865234375000002 0.003125 136 64 124
 0.7107937795298515 0.7273953420298513 0.0 0.0 0.011865234375000002 0.003125 136 64 124
 0.6770100957771458 0.7273953420298513 -0.0 0.0 0.011865234375000002 0.003125 136 64 124
 0.6065397234786599 0.7273953420298513 0.0 0.0 0.011865234375000002 0.003125 136 64 124
 0.5727560397259542 0.7273953420298513 -0.0 0.0 0.011865234375000002 0.003125 136 64 124
 0.5252794772259542 0.6799187795298514 -0.0 0.0 0.011865234375000002 0.003125 136 64 124
 0.5252794772259542 0.6461350957771457 -0.0 -0.0 0.011865234375000002 0.003125 136 64 124
 0.47472052277404586 0.6461350957771457 0.0 -0.0 0.011865234375000002 0.003125 136 64 124
 0.47472052277404586 0.6799187795298514 0.0 0.0 0.011865234375000002 0.003125 136 64 124
 0.4272439602740459 0.7273953420298513 0.0 0.0 0.011865234375000002 0.003125 136 64 124
 0.3934602765213402 0.7273953420298513 -0.0 0.0 0.011865234375000002 0.003125 136 64 124
 0.32298990422285423 0.7273953420298513 0.0 0.0 0.011865234375000002 0.003125 136 64 124
 0.28920622047014855 0.7273953420298513 -0.0 0.0 0.011865234375000002 0.003125 136 64 124
 0.24172965797014853 0.6799187795298514 -0.0 0.0 0.011865234375000002 0.003125 136 64 124
 0.24172965797014853 0.6461350957771457 -0.0 -0.0 0.011865234375000002 0.003125 136 64 124
 0.20386490422285428 0.6082703420298514 0.0 0.0 0.011865234375000002 0.003125 136 64 124
 0.17008122047014854 0.6082703420298514 -0.0 0.0 0.011865234375000002 0.003125 136 64 124
 0.12260465797014856 0.5607937795298514 -0.0 0.0 0.011865234375000002 0.003125 136 64 124
 0.12260465797014855 0.5270100957771457 -0.0 -0.0 0.011865234375000002 0.003125 136 64 124
 0.12260465797014856 0.4565397234786598 -0.0 0.0 0.011865234375000002 0.003125 136 64 124
 0.12260465797014855 0.4227560397259541 -0.0 -0.0 0.011865234375000002 0.003125 136 64 124
 0.17008122047014854 0.3752794772259541 -0.0 -0.0 0.011865234375000002 0.003125 136 64 124
 0.20386490422285425 0.3752794772259541 0.0 -0.0 0.011865234375000002 0.003125 136 64 124
 0.7726943201428759 0.3697552054979342 -0.0 -0.0 0.00889892578125 0.0015625 154 64 106
 0.7906108240491259 0.35183870159168423 0.0 -0.0 0.00889892578125 0.0015625 154 64 106
 0.8354430512578714 0.35183870159168423 0.0 -0.0 0.00889892578125 0.0015625 154 64 106
 0.8533595551641214 0.3697552054979342 0.0 0.0 0.00889892578125 0.0015625 154 64 106
 0.8829196137578714 0.3993152640916842 0.0 -0.0 0.00889892578125 0.0015625 154 64 106
 0.9008361176641214 0.4172317679979342 0.0 0.0 0.00889892578125 0.0015625 154 64 106
 0.9008361176641214 0.4620639952066797 0.0 0.0 0.00889892578125 0.0015625 154 64 106
 0.8829196137578714 0.47998049911292967 0.0 0.0 0.00889892578125 0.0015625 154 64 106
 0.9008361176641214 0.5214858240491257 0.0 0.0 0.00889892578125 0.0015625 154 64 106
 0.9008361176641214 0.5663180512578713 0.0 0.0 0.00889892578125 0.0015625 154 64 106
 0.8829196137578714 0.5842345551641213 0.0 0.0 0.00889892578125 0.0015625 154 64 106
 0.8533595551641214 0.6137946137578713 0.0 0.0 0.00889892578125 0.0015625 154 64 106
 0.8354430512578714 0.6317111176641212 0.0 0.0 0.00889892578125 0.0015625 154 64 106
 0.7906108240491259 0.6317111176641212 0.0 0.0 0.00889892578125 0.0015625 154 64 106
 0.7726943201428759 0.6137946137578713 -0.0 0.0 0.00889892578125 0.0015625 154 64 106
 0.7817111176641214 0.6854430512578713 0.0 0.0 0.00889892578125 0.0015625 154 64 106
 0.7637946137578714 0.7033595551641213 0.0 0.0 0.00889892578125 0.0015625 154 64 106
 0.7342345551641214 0.7329196137578713 0.0 0.0 0.00889892578125 0.0015625 154 64 106
 0.7163180512578714 0.7508361176641213 0.0 0.0 0.00889892578125 0.0015625 154 64 106
 0.6714858240491258 0.7508361176641213 0.0 0.0 0.00889892578125 0.0015625 154 64 106
 0.6535693201428758 0.7329196137578713 -0.0 0.0 0.00889892578125 0.0015625 154 64 106
 0.6120639952066799 0.7508361176641213 0.0 0.0 0.00889892578125 0.0015625 154 64 106
 0.5672317679979343 0.7508361176641213 0.0 0.0 0.00889892578125 0.0015625 154 64 106
 0.5493152640916843 0.7329196137578713 -0.0 0.0 0.00889892578125 0.0015625 154 64 106
 0.5197552054979343 0.7033595551641213 0.0 0.0 0.00889892578125 0.0015625 154 64 106
 0.5018387015916843 0.6854430512578713 -0.0 0.0 0.00889892578125 0.0015625 154 64 106
 0.5018387015916843 0.6406108240491257 -0.0 0.0 0.00889892578125 0.0015625 154 64 106
 0.5197552054979343 0.6226943201428757 -0.0 -0.0 0.00889892578125 0.0015625 154 64 106
 0.48024479450206575 0.6226943201428757 0.0 -0.0 0.00889892578125 0.0015625 154 64 106
 0.48024479450206575 0.7033595551641213 0.0 0.0 0.00889892578125 0.0015625 154 64 106
 0.45068473590831576 0.7329196137578713 0.0 0.0 0.00889892578125 0.0015625 154 64 106
 0.43276823200206577 0.7508361176641213 0.0 0.0 0.00889892578125 0.0015625 154 64 106
 0.3879360047933203 0.7508361176641213 0.0 0.0 0.00889892578125 0.0015625 154 64 106
 0.3700195008870703 0.7329196137578713 -0.0 0.0 0.00889892578125 0.0015625 154 64 106
 0.3285141759508741 0.7508361176641213 0.0 0.0 0.00889892578125 0.0015625 154 64 106
 0.28368194874212865 0.7508361176641213 0.0 0.0 0.00889892578125 0.0015625 154 64 106
 0.26576544483587866 0.7329196137578713 -0.0 0.0 0.00889892578125 0.0015625 154 64 106
 0.23620538624212864 0.7033595551641213 0.0 0.0 0.00889892578125 0.0015625 154 64 106
 0.21828888233587865 0.6854430512578713 -0.0 0.0 0.00889892578125 0.0015625 154 64 106
 0.21828888233587865 0.6406108240491257 -0.0 0.0 0.00889892578125 0.0015625 154 64 106
 0.23620538624212864 0.6226943201428757 -0.0 -0.0 0.00889892578125 0.0015625 154 64 106
 0.16455694874212864 0.6317111176641214 0.0 0.0 0.00889892578125 0.0015625 154 64 106
 0.14664044483587865 0.6137946137578714 -0.0 0.0 0.00889892578125 0.0015625 154 64 106
 0.11708038624212866 0.5842345551641214 0.0 0.0 0.00889892578125 0.0015625 154 64 106
 0.09916388233587865 0.5663180512578714 -0.0 0.0 0.00889892578125 0.0015625 154 64 106
 0.09916388233587864 0.5214858240491258 -0.0 0.0 0.00889892578125 0.0015625 154 64 106
 0.11708038624212865 0.5035693201428758 -0.0 -0.0 0.00889892578125 0.0015625 154 64 106
 0.09916388233587865 0.4620639952066797 -0.0 0.0 0.00889892578125 0.0015625 154 64 106
 0.09916388233587864 0.4172317679979342 -0.0 0.0 0.00889892578125 0.0015625 154 64 106
 0.11708038624212865 0.3993152640916842 -0.0 -0.0 0.00889892578125 0.0015625 154 64 106
 0.14664044483587865 0.3697552054979342 -0.0 0.0 0.00889892578125 0.0015625 154 64 106
 0.16455694874212864 0.35183870159168423 -0.0 -0.0 0.00889892578125 0.0015625 154 64 106
 0.20938917595087414 0.35183870159168423 -0.0 -0.0 0.00889892578125 0.0015625 154 64 106
 0.22730567985712413 0.3697552054979342 0.0 -0.0 0.00889892578125 0.0015625 154 64 106
 0.7592864090874274 0.3792568665533827 -0.0 0.0 0.0066741943359375005 0.00078125 172 64 88
 0.7592864090874274 0.36025354444248575 -0.0 -0.0 0.0066741943359375005 0.00078125 172 64 88
 0.7811091629936774 0.33843079053623576 -0.0 -0.0 0.0066741943359375005 0.00078125 172 64 88
 0.8001124851045743 0.33843079053623576 0.0 -0.0 0.0066741943359375005 0.00078125 172 64 88
 0.825941390202423 0.33843079053623576 -0.0 -0.0 0.0066741943359375005 0.00078125 172 64 88
 0.8449447123133199 0.33843079053623576 0.0 -0.0 0.0066741943359375005 0.00078125 172 64 88
 0.8667674662195699 0.36025354444248575 0.0 -0.0 0.0066741943359375005 0.00078125 172 64 88
 0.8667674662195699 0.3792568665533827 0.0 0.0 0.0066741943359375005 0.00078125 172 64 88
 0.8924212748133199 0.38590735303623575 0.0 -0.0 0.0066741943359375005 0.00078125 172 64 88
 0.9142440287195699 0.40773010694248574 0.0 -0.0 0.0066741943359375005 0.00078125 172 64 88
 0.9142440287195699 0.4267334290533827 0.0 0.0 0.0066741943359375005 0.00078125 172 64 88
 0.9142440287195699 0.4525623341512312 0.0 -0.0 0.0066741943359375005 0.00078125 172 64 88
 0.9142440287195699 0.47156565626212815 0.0 0.0 0.0066741943359375005 0.00078125 172 64 88
 0.873417952702423 0.49338841016837814 -0.0 0.0 0.0066741943359375005 0.00078125 172 64 88
 0.8924212748133199 0.4901614090874272 0.0 -0.0 0.0066741943359375005 0.00078125 172 64 88
 0.9142440287195699 0.5119841629936772 0.0 -0.0 0.0066741943359375005 0.00078125 172 64 88
 0.9142440287195699 0.5309874851045742 0.0 0.0 0.0066741943359375005 0.00078125 172 64 88
 0.9142440287195699 0.5568163902024228 0.0 -0.0 0.0066741943359375005 0.00078125 172 64 88
 0.9142440287195699 0.5758197123133197 0.0 0.0 0.0066741943359375005 0.00078125 172 64 88
 0.8924212748133199 0.5976424662195697 0.0 0.0 0.0066741943359375005 0.00078125 172 64 88
 0.873417952702423 0.5976424662195697 -0.0 0.0 0.0066741943359375005 0.00078125 172 64 88
 0.8667674662195699 0.6232962748133197 0.0 0.0 0.0066741943359375005 0.00078125 172 64 88
 0.8449447123133199 0.6451190287195697 0.0 0.0 0.0066741943359375005 0.00078125 172 64 88
 0.825941390202423 0.6451190287195697 -0.0 0.0 0.0066741943359375005 0.00078125 172 64 88
 0.8001124851045743 0.6451190287195697 0.0 0.0 0.0066741943359375005 0.00078125 172 64 88
 0.7811091629936774 0.6451190287195697 -0.0 0.0 0.0066741943359375005 0.00078125 172 64 88
 0.7592864090874274 0.6232962748133197 -0.0 0.0 0.0066741943359375005 0.00078125 172 64 88
 0.7592864090874274 0.6042929527024228 -0.0 -0.0 0.0066741943359375005 0.00078125 172 64 88
 0.7951190287195699 0.6759413902024228 0.0 -0.0 0.0066741943359375005 0.00078125 172 64 88
 0.7951190287195699 0.6949447123133198 0.0 0.0 0.0066741943359375005 0.00078125 172 64 88
 0.7732962748133199 0.7167674662195698 0.0 0.0 0.0066741943359375005 0.00078125 172 64 88
 0.7542929527024229 0.7167674662195698 -0.0 0.0 0.0066741943359375005 0.00078125 172 64 88
 0.7476424662195699 0.7424212748133198 0.0 0.0 0.0066741943359375005 0.00078125 172 64 88
 0.7258197123133199 0.7642440287195698 0.0 0.0 0.0066741943359375005 0.00078125 172 64 88
 0.7068163902024229 0.7642440287195698 -0.0 0.0 0.0066741943359375005 0.00078125 172 64 88
 0.6809874851045743 0.7642440287195698 0.0 0.0 0.0066741943359375005 0.00078125 172 64 88
 0.6619841629936773 0.7642440287195698 -0.0 0.0 0.0066741943359375005 0.00078125 172 64 88
 0.6401614090874274 0.7234179527024228 -0.0 -0.0 0.0066741943359375005 0.00078125 172 64 88
 0.6433884101683783 0.7424212748133198 0.0 0.0 0.0066741943359375005 0.00078125 172 64 88
 0.6215656562621283 0.7642440287195698 0.0 0.0 0.0066741943359375005 0.00078125 172 64 88
 0.6025623341512314 0.7642440287195698 -0.0 0.0 0.0066741943359375005 0.00078125 172 64 88
 0.5767334290533828 0.7642440287195698 0.0 0.0 0.0066741943359375005 0.00078125 172 64 88
 0.5577301069424858 0.7642440287195698 -0.0 0.0 0.0066741943359375005 0.00078125 172 64 88
 0.5359073530362358 0.7424212748133198 -0.0 0.0 0.0066741943359375005 0.00078125 172 64 88
 0.5359073530362358 0.7234179527024228 -0.0 -0.0 0.0066741943359375005 0.00078125 172 64 88
 0.5102535444424858 0.7167674662195698 -0.0 0.0 0.0066741943359375005 0.00078125 172 64 88
 0.5102535444424858 0.6092864090874273 -0.0 -0.0 0.0066741943359375005 0.00078125 172 64 88
 0.5292568665533828 0.6092864090874273 0.0 -0.0 0.0066741943359375005 0.00078125 172 64 88
 0.4707431334466173 0.6092864090874273 -0.0 -0.0 0.0066741943359375005 0.00078125 172 64 88
 0.4897464555575142 0.6092864090874273 0.0 -0.0 0.0066741943359375005 0.00078125 172 64 88
 0.4897464555575142 0.7167674662195698 0.0 0.0 0.0066741943359375005 0.00078125 172 64 88
 0.4707431334466173 0.7167674662195698 -0.0 0.0 0.0066741943359375005 0.00078125 172 64 88
 0.46409264696376423 0.7424212748133198 0.0 0.0 0.0066741943359375005 0.00078125 172 64 88
 0.44226989305751424 0.7642440287195698 0.0 0.0 0.0066741943359375005 0.00078125 172 64 88
 0.4232665709466173 0.7642440287195698 -0.0 0.0 0.0066741943359375005 0.00078125 172 64 88
 0.3974376658487688 0.7642440287195698 0.0 0.0 0.0066741943359375005 0.00078125 172 64 88
 0.3784343437378718 0.7642440287195698 -0.0 0.0 0.0066741943359375005 0.00078125 172 64 88
 0.35661158983162183 0.7234179527024228 -0.0 -0.0 0.0066741943359375005 0.00078125 172 64 88
 0.3598385909125726 0.7424212748133198 0.0 0.0 0.0066741943359375005 0.00078125 172 64 88
 0.3380158370063226 0.7642440287195698 0.0 0.0 0.0066741943359375005 0.00078125 172 64 88
 0.31901251489542565 0.7642440287195698 -0.0 0.0 0.0066741943359375005 0.00078125 172 64 88
 0.2931836097975771 0.7642440287195698 0.0 0.0 0.0066741943359375005 0.00078125 172 64 88
 0.2741802876866802 0.7642440287195698 -0.0 0.0 0.0066741943359375005 0.00078125 172 64 88
 0.2523575337804302 0.7424212748133198 -0.0 0.0 0.0066741943359375005 0.00078125 172 64 88
 0.2523575337804302 0.7234179527024228 -0.0 -0.0 0.0066741943359375005 0.00078125 172 64 88
 0.22670372518668017 0.7167674662195698 -0.0 0.0 0.0066741943359375005 0.00078125 172 64 88
 0.20488097128043017 0.6949447123133198 -0.0 0.0 0.0066741943359375005 0.00078125 172 64 88
 0.20488097128043017 0.6759413902024228 -0.0 -0.0 0.0066741943359375005 0.00078125 172 64 88
 0.20488097128043017 0.6501124851045742 -0.0 0.0 0.0066741943359375005 0.00078125 172 64 88
 0.20488097128043017 0.6311091629936773 -0.0 -0.0 0.0066741943359375005 0.00078125 172 64 88
 0.22670372518668017 0.6092864090874273 -0.0 -0.0 0.0066741943359375005 0.00078125 172 64 88
 0.2457070472975771 0.6092864090874273 0.0 -0.0 0.0066741943359375005 0.00078125 172 64 88
 0.17405860979757712 0.6451190287195698 0.0 0.0 0.0066741943359375005 0.00078125 172 64 88
 0.15505528768668017 0.6451190287195698 -0.0 0.0 0.0066741943359375005 0.00078125 172 64 88
 0.13323253378043018 0.6232962748133198 -0.0 0.0 0.0066741943359375005 0.00078125 172 64 88
 0.13323253378043018 0.6042929527024229 -0.0 -0.0 0.0066741943359375005 0.00078125 172 64 88
 0.10757872518668017 0.5976424662195698 -0.0 0.0 0.0066741943359375005 0.00078125 172 64 88
 0.08575597128043017 0.5758197123133199 -0.0 0.0 0.0066741943359375005 0.00078125 172 64 88
 0.08575597128043017 0.5568163902024229 -0.0 -0.0 0.0066741943359375005 0.00078125 172 64 88
 0.08575597128043015 0.5309874851045743 -0.0 0.0 0.0066741943359375005 0.00078125 172 64 88
 0.08575597128043015 0.5119841629936773 -0.0 -0.0 0.0066741943359375005 0.00078125 172 64 88
 0.12658204729757713 0.49016140908742734 0.0 -0.0 0.0066741943359375005 0.00078125 172 64 88
 0.10757872518668017 0.49338841016837814 -0.0 0.0 0.0066741943359375005 0.00078125 172 64 88
 0.08575597128043017 0.47156565626212815 -0.0 0.0 0.0066741943359375005 0.00078125 172 64 88
 0.08575597128043017 0.4525623341512312 -0.0 -0.0 0.0066741943359375005 0.00078125 172 64 88
 0.08575597128043015 0.4267334290533827 -0.0 0.0 0.0066741943359375005 0.00078125 172 64 88
 0.08575597128043015 0.40773010694248574 -0.0 -0.0 0.0066741943359375005 0.00078125 172 64 88
 0.10757872518668016 0.38590735303623575 -0.0 -0.0 0.0066741943359375005 0.00078125 172 64 88
 0.12658204729757713 0.38590735303623575 0.0 -0.0 0.0066741943359375005 0.00078125 172 64 88
 0.13323253378043018 0.36025354444248575 -0.0 -0.0 0.0066741943359375005 0.00078125 172 64 88
 0.15505528768668017 0.33843079053623576 -0.0 -0.0 0.0066741943359375005 0.00078125 172 64 88
 0.17405860979757712 0.33843079053623576 0.0 -0.0 0.0066741943359375005 0.00078125 172 64 88
 0.19988751489542567 0.33843079053623576 -0.0 -0.0 0.0066741943359375005 0.00078125 172 64 88
 0.2188908370063226 0.33843079053623576 0.0 -0.0 0.0066741943359375005 0.00078125 172 64 88
 0.2407135909125726 0.36025354444248575 0.0 -0.0 0.0066741943359375005 0.00078125 172 64 88
 0.2407135909125726 0.3792568665533827 0.0 0.0 0.0066741943359375005 0.00078125 172 64 88

